Oea  (3011,2500)  (2947,2563)  (2947,2499)  (3074,2564)  (3011,2436)  (3075,2436)  (3075,2500)  (2945,2435)  (3010,2627)  (2946,2627)  (3100,2628)  (3009,2372)  (3139,2458)  (3036,2691)  (2972,2691)  (2996,2308)
Tanais  (5023,24)  (4959,30)  (5060,88)  (5087,0)  (4895,35)
Pella  (3935,992)  (3871,948)  (3998,1056)  (3934,1056)  (3935,928)  (3826,884)  (3924,1120)  (3930,864)
Veldidena  (2825,180)  (2761,230)  (2761,166)  (2888,244)  (2889,134)  (2697,232)  (2952,198)  (2633,188)
Sparta  (4016, 1748)  (4076, 1798)  (4160, 1800)  (4114, 1712)  (4206, 1668)
Croton  (3312, 1730)  (3380, 1634)  (3400, 1540)  (3318, 1510)  (3346, 1416)
Siwa  (3985,2672)  (3921,2734)  (3921,2670)  (3985,2608)  (4049,2608)  (4049,2672)  (3918,2606)  (3857,2734)  (3857,2670)  (3854,2606)
Barcino  (1587,1010)  (1523,1068)  (1523,1004)  (1594,1074)  (1587,946)  (1651,972)  (1516,940)  (1459,1031)  (1452,967)  (1452,903)
Sirmium  (3483,518)  (3419,575)  (3419,511)  (3524,582)  (3483,454)  (3411,447)  (3558,646)
Cestra Regina  (2627,46)  (2563,102)  (2563,38)  (2691,0)  (2691,64)  (2499,66)  (2499,2)  (2755,0)  (2755,64)  (2435,66)  (2435,2)  (2819,0)  (2819,64)  (2371,70)  (2371,6)
Arretium  (2822, 954)  (2734, 974)  (2762, 876)  (2670, 872)  (2594, 776)
Memphis  (4847,2546)  (4910,2610)  (4846,2610)  (4786,2482)  (4850,2482)  (4911,2546)  (4914,2479)  (4950,2674)  (4886,2674)  (4822,2674)  (4744,2418)  (4808,2418)  (4872,2415)
Aquincum  (3763,126)  (3699,189)  (3699,81)  (3782,190)  (3763,62)  (3827,62)  (3718,253)  (3654,253)  (3590,298)
Thessalonica  (4209,1136)  (4145,1161)  (4243,1072)  (4307,1040)  (4081,1183)
Euphrates  (6135,2238)  (6071,2301)  (6071,2237)  (6198,2302)  (6135,2174)  (6199,2174)  (6199,2238)  (6134,2365)  (6070,2365)  (6007,2301)  (6200,2110)  (6263,2174)  (6159,2429)  (6327,2194)
Melitene  (5759,1144)  (5695,1170)  (5695,1106)  (5822,1208)  (5758,1234)  (5656,1042)  (5631,1109)  (5886,1194)  (5870,1272)  (5806,1298)  (5592,1038)  (5592,974)
Larissa  (4120, 1428)  (4155, 1315)  (4078, 1325)  (4070, 1250)  (4140, 1240)  (4145, 1380)
Brigantium  (411,588)  (347,644)  (347,580)  (411,524)  (475,524)  (475,588)  (338,516)  (484,652)  (283,642)  (402,460)  (466,460)  (539,515)  (539,579)  (603,534)
Corinth  (3968, 1648)  (4060, 1656)  (4052, 1576)  (4136, 1608)
Siga  (871,2052)  (807,2115)  (807,2051)  (934,2116)  (871,1988)  (935,1988)  (935,2052)  (861,2179)  (797,2179)  (743,2115)  (930,1924)  (733,2189)  (679,2125)  (669,2252)  (615,2188)  (605,2283)
Albana  (6519,648)  (6455,711)  (6455,647)  (6582,712)  (6519,584)  (6583,584)  (6583,648)  (6453,583)  (6518,775)  (6646,718)  (6582,776)  (6517,520)  (6434,519)  (6652,782)  (6588,840)  (6498,456)  (6430,455)  (6716,788)  (6652,846)  (6722,852)  (6494,392)  (6424,391)  (6360,350)  (6424,327)  (6320,286)  (6384,263)
Byzantium  (4400, 1042)  (4466, 1040)  (4624, 996)  (4544, 1000)  (4452, 946)  (4536, 908)
Jerusalem  (5383,2260)  (5319,2323)  (5408,2196)  (5318,2387)  (5430,2132)  (5254,2394)  (5296,2458)  (5270,2522)
Elusa  (1307,562)  (1243,625)  (1243,561)  (1310,626)  (1307,498)  (1371,502)  (1374,566)  (1435,498)
Pergamum  (4599,1212)  (4535,1275)  (4535,1211)  (4645,1276)  (4609,1148)  (4663,1212)  (4673,1138)  (4471,1243)  (4727,1207)
Hermopolis  (4639,2698)  (4575,2734)  (4703,2656)  (4703,2720)  (4511,2734)  (4447,2703)
Thenae  (2535,2296)  (2471,2359)  (2471,2295)  (2596,2360)  (2535,2232)  (2599,2232)  (2599,2296)  (2469,2231)  (2474,2167)
Theveste  (1895,2342)  (1831,2388)  (1831,2324)  (1959,2312)  (1959,2376)  (1812,2260)  (2023,2310)
Alexandria  (4595,2514)  (4531,2577)  (4531,2513)  (4658,2578)  (4616,2450)  (4659,2514)  (4467,2610)  (4467,2546)  (4467,2482)
Pax Julia  (197,1382)  (133,1445)  (133,1381)  (248,1446)  (261,1371)  (69,1426)  (69,1362)
Majar  (6015,194)  (5951,257)  (5951,193)  (6015,130)  (6079,130)  (6079,194)  (5949,129)  (6094,258)  (5887,232)  (6013,66)  (6143,107)  (6143,171)  (5885,168)  (5885,104)  (5949,65)  (6158,235)  (6193,299)  (6013,2)  (6207,112)  (5911,1)  (6222,176)
Tolosa  (1487,652)  (1423,715)  (1550,716)  (1502,588)  (1551,652)  (1359,745)  (1615,612)
Salmantica  (569,1044)  (505,1107)  (505,1043)  (578,1108)  (569,980)  (633,980)  (633,1044)  (503,979)  (514,1171)  (567,916)  (578,1208)  (514,1235)  (450,1254)
Pessinus  (5067,1186)  (5003,1249)  (5003,1185)  (5074,1250)  (5067,1122)  (5131,1159)  (5138,1223)  (4939,1276)  (4939,1212)
Roma  (3005,1120)  (2941,1152)  (2941,1088)  (3068,1184)  (2877,1109)  (2813,1065)
Berenice  (3613,2632)  (3549,2695)  (3549,2631)  (3676,2696)  (3613,2568)  (3677,2568)  (3677,2632)  (3547,2567)  (3485,2734)  (3485,2670)  (3741,2542)  (3741,2606)  (3483,2606)  (3421,2729)
Damascus  (5673,2016)  (5609,2079)  (5704,2080)  (5612,1952)  (5676,1952)  (5737,2016)  (5740,1949)  (5640,2143)  (5576,2143)  (5618,1888)  (5682,1885)
Petra  (5455,2524)  (5391,2587)  (5391,2523)  (5455,2460)  (5519,2460)  (5519,2524)  (5389,2459)  (5583,2446)  (5583,2510)  (5647,2455)  (5647,2519)  (5711,2489)
Edessa  (5899,1522)  (5835,1565)  (5835,1501)  (5936,1586)  (5899,1458)  (5963,1458)  (5813,1437)  (5771,1513)
Vindonissa  (2351,250)  (2287,313)  (2287,249)  (2414,314)  (2351,186)  (2415,186)  (2415,250)  (2285,185)  (2238,377)  (2223,313)  (2223,249)  (2479,165)  (2479,229)  (2479,293)  (2159,370)  (2159,306)  (2543,254)
Salonae  (3589,848)  (3525,876)  (3525,812)  (3652,912)  (3589,784)  (3653,792)  (3588,940)  (3716,856)  (3716,920)
Napoca  (4059,132)  (3995,195)  (3995,131)  (4122,196)  (4059,68)  (4123,68)  (4123,132)  (3993,67)  (3931,220)  (3931,156)  (4186,196)  (4057,4)  (4121,4)  (4187,114)  (3986,3)  (3867,197)
Cartenna  (1173,1930)  (1109,1993)  (1109,1929)  (1236,1994)  (1173,1866)  (1237,1866)  (1237,1930)  (1107,1865)  (1172,2057)  (1108,2057)  (1045,1993)  (1045,1929)  (1300,1994)  (1300,2058)  (1236,2058)  (1044,2058)  (1278,1802)  (1301,1866)  (1301,1930)  (1043,1865)  (1143,2121)  (1079,2122)
Sarmizegetusa  (4337,280)  (4273,343)  (4273,279)  (4400,344)  (4337,216)  (4401,225)  (4464,289)
Heraclea Pontica  (5055,910)  (4991,973)  (4991,909)  (5082,974)  (5055,846)  (5119,853)  (5146,917)
Babylon  (6591,2402)  (6527,2387)  (6654,2466)  (6590,2466)  (6591,2338)  (6655,2338)  (6655,2402)  (6718,2466)  (6674,2274)  (6719,2377)
Tavium  (5315,1068)  (5251,1131)  (5251,1067)  (5378,1132)  (5315,1004)  (5379,1004)  (5379,1068)  (5249,1003)  (5314,1195)  (5187,1083)  (5443,982)  (5443,1046)  (5185,1019)  (5507,1031)
Volubilis  (765,2346)  (701,2388)  (822,2282)  (829,2346)  (886,2258)  (637,2388)  (893,2322)  (893,2386)
Salamis  (5103,1754)  (5039,1813)  (5039,1749)  (5167,1706)
Caralis  (2365,1300)  (2301,1363)  (2301,1299)  (2404,1364)  (2365,1236)  (2299,1235)  (2332,1427)  (2355,1171)
Phasis  (5881,570)  (5817,602)  (5945,512)  (5945,576)  (5980,640)  (6009,516)  (6044,580)  (6044,644)
Sinope  (5213,814)  (5276,878)  (5277,793)  (5340,857)  (5404,826)  (5442,890)  (5506,830)  (5506,894)
Sanina  (6823,1172)  (6776,1108)  (6840,1108)  (6887,1172)  (6892,1236)  (6950,1300)  (6726,1044)  (6790,1044)  (6951,1148)  (6956,1212)  (6928,1364)  (6692,980)  (6756,980)
SZ 78  (5645,564)  (5662,628)  (5608,500)  (5672,500)  (5632,692)
SZ 79  (5425,460)  (5361,523)  (5361,459)  (5488,524)  (5489,421)  (5359,395)
SZ 76  (5177,610)  (5113,673)  (5113,609)  (5240,674)  (5241,558)
Ninive  (6341,1704)  (6277,1657)  (6404,1768)  (6341,1640)  (6405,1640)  (6405,1704)  (6252,1593)  (6468,1768)  (6468,1832)  (6316,1576)  (6469,1701)  (6220,1529)  (6532,1804)  (6532,1868)  (6468,1896)  (6284,1512)  (6168,1465)
SZ 77  (5439,640)  (5375,703)  (5375,639)  (5502,704)  (5503,606)
SZ 74  (4729,342)  (4704,278)  (4768,278)  (4793,342)
Verona  (2631,434)  (2567,395)  (2642,498)  (2631,370)  (2695,370)  (2695,434)  (2654,562)  (2704,306)  (2768,310)
SZ 75  (4901,566)  (4837,629)  (4837,565)  (4964,630)  (4901,502)  (4965,502)  (4965,566)  (4835,501)
SZ 72  (4853,748)  (4789,766)  (4906,812)  (4917,706)  (4725,766)  (4882,876)  (4981,706)  (4661,766)  (4597,766)
SZ 73  (4707,556)  (4643,619)  (4643,555)  (4764,620)  (4707,492)
SZ 70  (4359,1229)  (4343,1165)  (4290,1316)  (4226,1287)
SZ 71  (4665,872)  (4601,891)  (4673,936)  (4729,830)  (4737,894)
Antioch  (5559,1610)  (5495,1615)  (5495,1551)  (5622,1674)  (5559,1546)  (5623,1546)  (5623,1610)  (5558,1679)  (5686,1674)  (5634,1738)  (5534,1482)  (5598,1482)  (5662,1482)  (5687,1546)  (5687,1610)  (5570,1743)  (5546,1418)  (5610,1418)  (5674,1418)
Thapsus  (2401,1976)  (2337,2039)  (2337,1975)  (2444,2040)  (2401,1912)  (2465,1912)  (2380,2103)  (2316,2103)  (2273,2039)  (2529,1902)  (2252,2124)  (2390,2167)  (2326,2167)
Sabrata  (2787,2322)  (2723,2385)  (2723,2321)  (2850,2386)  (2787,2258)  (2851,2258)  (2851,2322)
Axiopolis  (4317,598)  (4264,534)  (4328,534)  (4381,598)  (4392,523)  (4276,470)  (4340,459)  (4404,459)
Theodesia  (5003,312)  (4939,329)  (4939,265)  (5012,376)  (5067,296)  (4936,201)  (4921,137)
Palantia  (907,906)  (843,944)  (843,880)  (907,842)  (971,842)  (971,906)  (1006,970)  (779,946)  (906,778)  (1035,786)  (1035,850)  (1070,914)
Thamea  (5851,2660)  (5787,2723)  (5787,2659)  (5914,2724)  (5851,2596)  (5915,2596)  (5915,2660)  (5785,2595)  (5978,2724)  (5849,2532)  (5913,2532)  (5977,2532)  (5792,2468)  (5856,2468)  (5920,2468)  (5984,2468)  (5732,2404)  (5796,2404)  (5860,2404)  (5924,2404)  (5734,2340)  (5798,2340)  (5862,2340)
Delphi  (4009,1492)  (3945,1497)  (3978,1428)  (4073,1499)
Cale  (355,798)  (291,854)  (291,790)  (355,734)  (419,734)  (419,798)  (282,726)  (227,843)  (483,733)  (218,779)
SZ 69  (4287,1412)  (4351,1399)  (4351,1463)  (4355,1335)  (4415,1413)  (4419,1310)
Amida  (6099,1264)  (6035,1327)  (6035,1263)  (6162,1328)  (6099,1200)  (6163,1200)  (6163,1264)  (6033,1199)  (5971,1342)  (5971,1278)  (6226,1358)  (6097,1136)  (5999,1135)
SZ 65  (4749,1736)  (4685,1799)  (4812,1800)  (4690,1672)  (4754,1672)  (4813,1736)
SZ 66  (4503,1850)  (4439,1913)  (4439,1849)  (4566,1914)  (4503,1786)  (4567,1845)  (4437,1785)  (4501,1722)  (4430,1721)
Nexuana  (6519,1068)  (6455,1131)  (6455,1067)  (6582,1132)  (6519,1004)  (6583,1004)  (6583,1068)  (6454,1003)  (6518,1195)  (6391,1135)  (6646,1132)  (6646,1196)  (6582,1196)  (6518,940)  (6582,940)  (6454,939)  (6710,1170)
Trapezus  (5779,772)  (5715,835)  (5715,771)  (5842,836)  (5779,708)  (5843,708)  (5843,772)  (5651,872)  (5651,808)  (5906,836)  (5907,695)  (5907,759)  (5970,850)
SZ 67  (4321,1834)  (4257,1897)  (4365,1898)  (4269,1770)  (4333,1770)  (4193,1915)  (4319,1706)
SZ 68  (4441,1578)  (4377,1609)  (4563,1622)
SZ 61  (5353,1630)  (5289,1596)  (5416,1694)  (5352,1694)  (5353,1566)  (5417,1611)  (5288,1712)  (5225,1610)  (5322,1502)  (5386,1502)
Armavira  (6295,568)  (6231,631)  (6231,567)  (6352,632)  (6295,504)  (6359,504)  (6229,503)  (6288,695)  (6224,695)  (6352,696)  (6293,440)  (6165,505)  (6165,441)  (6229,439)  (6103,377)  (6101,466)  (6039,402)  (6039,338)
SZ 62  (5027,1660)  (4963,1673)  (4963,1609)  (5091,1618)  (4934,1854)
SZ 63  (5029,1986)  (4965,2049)  (4965,1985)  (5092,2050)  (5093,1942)
SZ 64  (4803,1978)  (4739,2041)  (4739,1977)  (4866,2042)  (4803,1914)  (4867,1914)  (4867,1978)  (4737,1913)  (4675,2054)  (4675,1990)  (4673,1926)
SZ 60  (5273,1868)  (5209,1931)  (5336,1932)  (5228,1804)  (5292,1804)  (5337,1868)  (5356,1785)
Tibiscum  (3917,314)  (3853,366)  (3853,302)  (3981,294)  (4016,358)  (3789,349)  (4045,292)  (4080,356)  (4144,294)
Athens  (4262, 1610)  (4178, 1532)  (4232, 1462)  (4222, 1570)  (4290, 1526)
Tarraco  (1321,1062)  (1257,1125)  (1257,1061)  (1328,1126)  (1348,998)  (1264,1189)  (1200,1189)  (1193,1125)
Banasa  (359,2258)  (295,2321)  (295,2257)  (422,2322)  (359,2194)  (423,2194)  (423,2258)  (293,2193)  (358,2385)  (294,2385)  (231,2307)  (486,2322)  (472,2386)  (487,2138)  (487,2202)  (229,2243)  (324,2129)
Gerrha  (6261,2704)  (6197,2734)  (6197,2670)  (6325,2683)  (6162,2606)  (6133,2734)  (6133,2670)  (6389,2712)  (6098,2606)  (6084,2542)  (6069,2734)  (6069,2670)
Aleria  (2399,948)  (2416,1012)  (2384,884)
Messana  (3177,1686)  (3113,1746)  (3113,1682)  (3214,1750)  (3049,1735)  (3049,1671)
Philippopolis  (4169,948)  (4105,1011)  (4105,947)  (4174,1012)  (4233,905)  (4238,969)  (4041,953)
NeutralBox  (828,2538)  (764,2601)  (764,2537)  (891,2602)  (828,2474)  (892,2474)  (892,2538)  (762,2473)  (827,2665)  (763,2665)  (700,2601)  (700,2537)  (955,2602)  (955,2666)  (891,2666)  (699,2666)  (956,2451)  (956,2515)  (698,2473)  (827,2729)  (763,2729)  (636,2602)  (636,2538)  (1019,2579)  (1019,2643)  (1019,2707)  (955,2730)  (891,2730)  (699,2730)  (635,2730)  (635,2666)  (1020,2451)  (1020,2515)  (634,2474)  (572,2602)  (572,2538)  (1083,2579)  (1083,2643)  (1083,2707)  (571,2733)  (571,2669)  (1084,2451)  (1084,2515)  (570,2474)  (508,2605)  (508,2541)  (1147,2579)  (1147,2643)  (1147,2707)  (507,2733)  (507,2669)
Ecbatana  (7069,1896)  (7005,1959)  (7005,1895)  (7132,1960)  (7069,1832)  (7133,1832)  (7133,1896)  (7003,1831)  (6941,1960)  (6941,1896)  (7134,2024)  (6939,1832)  (6939,1768)  (6877,1946)  (6875,1882)  (6875,1818)
Lauriacum  (3179,98)  (3115,161)  (3115,97)  (3224,162)  (3179,34)  (3243,34)  (3243,98)  (3113,33)  (3051,159)  (3049,95)  (3049,31)  (2985,59)  (2921,37)
Mediolanum  (2413,460)  (2349,523)  (2349,459)  (2477,429)  (2477,493)  (2347,395)  (2285,556)  (2285,492)
Castulo  (815,1278)  (751,1266)  (842,1342)  (879,1246)  (738,1202)  (674,1252)  (674,1188)  (688,1124)
Narbo  (1755,738)  (1691,801)  (1691,737)  (1755,674)  (1819,674)  (1819,738)  (1705,865)  (1627,833)  (1627,769)  (1883,717)
Carthago Nova  (977,1510)  (913,1525)  (913,1461)  (1040,1574)  (977,1446)  (1041,1487)
Cyrene  (3709,2338)  (3645,2401)  (3645,2337)  (3764,2402)  (3709,2274)  (3773,2274)  (3773,2338)  (3643,2273)  (3700,2465)  (3636,2465)  (3581,2401)  (3581,2337)  (3837,2241)  (3837,2305)
Toletum  (941,1090)  (877,1153)  (877,1089)  (1004,1154)  (1005,1040)  (875,1025)  (813,1153)  (813,1089)  (1068,1104)  (811,1025)
Massilia  (2149,724)  (2085,787)  (2085,723)  (2202,788)  (2149,660)  (2213,671)  (2083,659)  (2266,744)  (2021,805)  (2021,741)
Carthago  (2421,1730)  (2357,1793)  (2357,1729)  (2484,1794)  (2421,1666)  (2485,1720)  (2355,1665)  (2295,1857)  (2293,1793)  (2293,1729)
Tarsus  (5455,1294)  (5391,1341)  (5480,1358)  (5452,1230)  (5516,1230)  (5519,1294)  (5580,1186)  (5458,1166)  (5583,1250)  (5583,1314)  (5458,1462)  (5647,1255)
SZ 87  (6869,2648)  (6805,2685)  (6805,2621)  (6932,2712)  (6933,2616)
SZ 88  (5074, 2700)  (5198, 2700)  (5014, 2612)  (4976, 2522)
Vindobona  (3423,136)  (3359,199)  (3359,135)  (3486,200)  (3423,72)  (3487,72)  (3487,136)  (3422,263)  (3358,263)  (3494,264)  (3294,238)  (3378,8)  (3442,8)  (3506,8)  (3551,72)  (3551,136)  (3570,0)  (3430,327)  (3615,103)
Tyras  (4563,218)  (4499,191)  (4610,282)  (4563,154)  (4471,127)  (4535,90)  (4407,88)  (4471,63)  (4368,24)  (4343,88)  (4304,24)  (4240,46)
SZ 80  (5193,402)  (5129,465)  (5256,466)  (5184,338)  (5248,338)  (5257,402)  (5065,494)
SZ 81  (5173,160)  (5109,197)  (5191,96)  (5045,201)
SZ 82  (6997,244)  (6933,307)  (6933,243)  (7034,308)  (6997,180)  (7061,180)  (7061,244)  (6869,342)  (6869,278)  (7012,116)  (7125,146)  (7125,210)  (7125,274)  (6805,342)
SZ 83  (6855,508)  (6791,571)  (6791,507)  (6918,572)  (6855,444)  (6919,444)  (6919,508)  (6789,443)  (6727,628)  (6727,564)  (6982,572)  (6983,406)  (6983,470)  (6725,500)  (6725,436)  (6661,549)  (6661,485)
SZ 84  (6985,770)  (6921,833)  (6921,769)  (7048,834)  (6985,706)  (7049,706)  (7049,770)  (6919,705)  (6984,897)  (6920,897)  (6857,833)  (6857,769)  (7112,834)  (7112,898)  (7048,898)  (7113,711)  (6855,705)  (6791,739)
SZ 85  (7099,1114)  (7035,1072)  (7134,1178)  (7070,1178)  (7099,1050)  (6992,1008)  (6928,1004)
Hatra  (6153,1754)  (6089,1790)  (6089,1726)  (6216,1818)  (6153,1690)  (6217,1731)  (6060,1662)  (6025,1802)  (6025,1738)  (6280,1826)  (6124,1626)  (5996,1674)  (6004,1598)  (6068,1562)  (6070,1498)
SZ 86  (7095,1432)  (7031,1495)  (7031,1431)  (7134,1496)  (7095,1368)  (7029,1367)  (7134,1560)  (7093,1304)
Vologesia  (6407,2464)  (6343,2527)  (6343,2463)  (6470,2528)  (6407,2400)  (6341,2399)  (6406,2591)  (6342,2591)  (6279,2527)  (6279,2463)  (6526,2592)  (6405,2336)  (6277,2399)  (6292,2335)  (6215,2510)  (6504,2656)  (6400,2272)
Capua  (3201,1260)  (3137,1274)  (3264,1324)  (3265,1255)  (3200,1338)  (3284,1388)  (3220,1402)
SZ 31  (2153,1520)  (2089,1583)  (2089,1519)  (2216,1584)  (2153,1456)  (2217,1456)  (2217,1520)  (2087,1455)  (2025,1638)  (2025,1574)  (2023,1510)  (2023,1446)
Auzia  (1187,2278)  (1123,2341)  (1123,2277)  (1250,2342)  (1187,2214)  (1251,2214)  (1251,2278)  (1121,2213)  (1059,2388)  (1059,2324)  (1314,2342)  (1315,2164)  (1315,2228)  (1057,2260)  (995,2388)  (995,2324)  (1378,2292)  (1378,2356)  (1379,2152)  (1379,2216)  (993,2260)
SZ 30  (1853,1498)  (1789,1561)  (1789,1497)  (1916,1562)  (1853,1434)  (1917,1434)  (1917,1498)  (1787,1433)  (1852,1625)  (1788,1625)  (1950,1626)
Odessus  (4403,822)  (4420,886)  (4366,758)  (4430,758)  (4467,822)
Sardis  (4723,1388)  (4659,1451)  (4659,1387)  (4739,1324)  (4787,1388)  (4803,1308)  (4614,1515)  (4595,1451)  (4595,1387)  (4851,1372)  (4531,1413)  (4915,1348)  (4979,1342)
SZ 37  (2671,2098)  (2607,2116)  (2607,2052)  (2671,2034)  (2735,2051)  (2735,2115)  (2543,2076)  (2799,2086)  (2799,2150)
SZ 36  (2681,1872)  (2617,1935)  (2617,1871)  (2708,1936)  (2681,1808)  (2745,1809)  (2615,1807)  (2772,1873)  (2836,1884)
SZ 39  (3051,2210)  (2987,2212)  (3114,2274)  (3115,2150)  (2923,2185)  (3162,2338)
SZ 38  (2999,2002)  (2935,2065)  (2935,2001)  (3062,2066)  (3063,1984)  (2933,1937)
SZ 33  (2735,1502)  (2671,1565)  (2671,1501)  (2799,1448)  (2799,1512)  (2832,1576)  (2648,1706)
Susa  (6887,2130)  (6823,2193)  (6823,2129)  (6950,2194)  (6887,2066)  (6951,2066)  (6951,2130)  (6821,2065)  (6827,2257)  (6759,2189)  (7014,2194)  (7014,2258)  (6950,2258)  (7015,2077)  (6757,2125)  (7078,2141)  (7078,2205)  (7078,2269)
Logdunum  (1849,246)  (1785,309)  (1785,245)  (1912,310)  (1850,182)  (1913,246)  (1914,181)  (1721,342)  (1721,278)  (1721,214)  (1976,310)  (1977,245)  (1978,152)  (2040,309)  (2041,228)
SZ 32  (2485,1526)  (2421,1572)  (2421,1508)  (2548,1590)  (2549,1472)  (2357,1578)
Stabula  (2155,42)  (2091,105)  (2091,41)  (2218,106)  (2219,0)  (2141,169)
SZ 35  (3299,1637)  (3230,1568)  (3230,1504)  (3394,1790)  (3274,1830)  (3394,1854)
SZ 34  (3015,1500)  (2951,1563)  (2951,1499)  (3078,1564)  (3015,1436)  (3079,1436)  (3079,1500)  (2949,1435)  (3142,1564)  (3143,1467)
Palmyra  (6005,2058)  (5941,2121)  (5941,2057)  (6042,2122)  (6005,1994)  (6069,1994)  (6069,2058)  (5939,1993)  (5978,2185)  (5914,2185)  (5877,2121)  (5877,2057)  (6003,1930)  (6067,1930)  (6131,1930)  (6133,1994)  (5850,2212)  (5813,2148)  (6080,1866)
SZ 29  (1523,1542)  (1459,1605)  (1459,1541)  (1586,1606)  (1523,1478)  (1587,1478)  (1587,1542)  (1457,1477)  (1522,1669)  (1458,1669)  (1650,1606)  (1651,1426)  (1651,1490)
Salapia  (3113,1086)  (3049,1025)  (3177,1125)  (2987,961)  (3241,1128)
Cydonia  (4349,2014)  (4285,2030)  (4448,2028)  (4221,2011)  (4512,2026)
Hispatis  (419,1448)  (355,1511)  (482,1512)  (392,1384)  (456,1384)  (483,1448)  (520,1347)  (352,1575)  (547,1484)
Acci  (713,1622)  (649,1670)  (649,1606)  (777,1592)  (777,1656)  (632,1542)  (841,1591)  (841,1655)  (905,1624)
SZ 20  (2115,928)  (2051,991)  (2051,927)  (2178,992)  (2179,892)  (2242,956)  (2243,867)
Bostra  (5543,2278)  (5479,2341)  (5479,2277)  (5592,2342)  (5607,2266)  (5671,2236)  (5735,2173)  (5735,2237)
Seleucia  (6447,2104)  (6383,2126)  (6383,2062)  (6510,2168)  (6447,2040)  (6511,2063)  (6340,1998)  (6319,2095)  (6574,2134)  (6574,2198)  (6510,2232)  (6276,2031)  (6276,1967)  (6340,1934)
Ctesiphon  (6663,1952)  (6599,2015)  (6599,1951)  (6668,2016)  (6663,1888)  (6727,1888)  (6727,1952)  (6622,1824)  (6686,1824)  (6750,1824)  (6791,1888)  (6604,1760)  (6668,1760)  (6732,1760)  (6796,1760)  (6580,1696)  (6644,1696)  (6708,1696)  (6528,1632)  (6592,1632)  (6656,1632)
Senio  (3257,674)  (3193,643)  (3320,738)  (3256,738)  (3257,610)  (3321,610)  (3321,674)  (3181,579)  (3384,738)  (3384,802)  (3320,802)  (3245,546)  (3385,656)
Sinda  (5417,220)  (5353,266)  (5353,202)  (5476,156)  (5481,220)  (5322,138)  (5540,97)  (5289,263)  (5545,161)  (5545,225)  (5609,108)  (5609,172)  (5609,236)  (5673,132)  (5673,196)  (5737,154)  (5737,218)
Istropolis  (4551,477)  (4528,541)  (4494,413)  (4558,413)  (4528,605)
Gades  (526, 1648)  (414, 1720)  (358, 1646)  (436, 1606)
SZ 28  (2981,1302)  (2917,1362)  (2917,1298)  (3045,1319)  (2914,1234)  (3109,1361)
SZ 27  (2751,1290)  (2687,1353)  (2687,1289)  (2814,1354)  (2751,1226)  (2815,1226)  (2815,1290)  (2685,1225)
SZ 26  (2511,1328)  (2574,1392)  (2510,1392)  (2476,1264)  (2540,1264)  (2575,1328)
SZ 25  (2691,1100)  (2648,1036)  (2755,1135)  (2598,942)
Pompaelo  (957,662)  (893,694)  (893,630)  (1021,630)  (1021,694)  (829,721)  (829,657)  (1085,641)  (1085,705)
SZ 24  (2511,1102)  (2447,1135)  (2574,1166)  (2490,1038)  (2554,1038)  (2575,1102)
Igilgili  (1597,1896)  (1533,1959)  (1533,1895)  (1660,1960)  (1597,1832)  (1661,1832)  (1661,1896)  (1531,1831)  (1596,2023)  (1532,2023)  (1469,1959)  (1469,1895)  (1724,1960)  (1724,2024)  (1660,2024)  (1468,2024)  (1595,1768)  (1659,1768)  (1723,1768)  (1725,1832)  (1725,1896)  (1467,1831)  (1467,1767)  (1531,1767)  (1405,1960)  (1405,1896)  (1788,1968)  (1788,2032)  (1404,2048)  (1728,1704)  (1403,1832)  (1403,1768)
Satala  (5905,970)  (5841,1033)  (5841,969)  (5968,1034)  (5969,936)  (5904,1097)  (5777,1001)  (5777,937)  (6032,1000)  (6096,962)
SZ 23  (2149,1240)  (2204,1304)  (2140,1304)  (2090,1176)  (2154,1176)  (2213,1240)  (2218,1130)  (2090,1112)  (2154,1112)  (2218,1066)
SZ 22  (1951,1232)  (1887,1295)  (1887,1231)  (2014,1296)  (1951,1168)  (2015,1168)  (2015,1232)  (1885,1167)  (1950,1359)  (1886,1359)  (2026,1360)  (1949,1104)  (2013,1104)  (1852,1103)
SZ 21  (2483,846)  (2532,910)  (2458,782)  (2394,770)  (2458,718)  (2330,818)
Sardica  (3831,698)  (3767,745)  (3767,681)  (3894,762)  (3831,634)  (3895,634)  (3895,698)  (3703,714)  (3958,764)
SZ 18  (1739,1250)  (1788,1314)  (1724,1314)  (1734,1186)  (1676,1122)  (1740,1122)
SZ 19  (1873,918)  (1809,981)  (1809,917)  (1936,982)  (1873,854)  (1937,854)  (1937,918)
Singidinum  (3699,498)  (3635,561)  (3635,497)  (3720,562)  (3699,434)  (3763,441)  (3633,433)  (3784,505)
Capsa  (2229,2336)  (2165,2388)  (2165,2324)  (2229,2272)  (2293,2287)  (2293,2351)  (2101,2388)  (2357,2294)  (2357,2358)
Durostorum  (4083,548)  (4019,551)  (4019,487)  (4146,612)  (4083,484)  (4147,484)  (4147,548)  (4082,615)  (3955,512)  (3955,448)  (3891,498)
SZ 51  (3773,1906)  (3709,1969)  (3709,1905)  (3836,1970)  (3773,1842)  (3837,1842)  (3837,1906)
SZ 50  (3791,1670)  (3727,1733)  (3727,1669)  (3854,1734)  (3791,1606)  (3855,1656)  (3725,1605)  (3918,1728)
SZ 53  (4029,1922)  (3965,1985)  (3965,1921)  (4092,1986)  (4093,1900)  (3963,1857)
Palma  (1532, 1354)  (1606, 1284)  (1520, 1260)  (1630, 1162)
SZ 52  (3819,2120)  (3755,2150)  (3755,2086)  (3883,2058)  (3883,2122)  (3914,2186)
SZ 55  (4315,2192)  (4251,2255)  (4251,2191)  (4362,2256)  (4315,2128)  (4249,2127)  (4298,2319)  (4362,2320)  (4185,2146)  (4185,2082)
Lilybaeum  (2843,1720)  (2779,1724)  (2779,1660)  (2906,1784)  (2907,1670)
SZ 54  (4053,2156)  (4116,2220)  (4052,2220)  (3990,2092)  (4054,2092)  (4164,2284)  (4100,2284)
SZ 57  (4769,2234)  (4705,2297)  (4705,2233)  (4832,2298)  (4769,2170)  (4833,2170)  (4833,2234)  (4703,2169)
Genua  (2465,604)  (2401,634)  (2529,615)  (2557,679)  (2337,689)
SZ 56  (4505,2218)  (4441,2281)  (4441,2217)  (4568,2282)  (4505,2154)  (4569,2154)  (4569,2218)  (4439,2153)  (4504,2345)  (4440,2345)  (4602,2346)
Tarentum  (3461,1292)  (3397,1283)  (3524,1356)  (3460,1356)  (3525,1289)  (3588,1372)
SZ 59  (5253,2144)  (5189,2207)  (5189,2143)  (5274,2208)  (5253,2080)  (5317,2080)  (5317,2144)  (5188,2079)  (5210,2271)
SZ 58  (5007,2230)  (4943,2293)  (4943,2229)  (5070,2294)  (5007,2166)  (5071,2166)  (5071,2230)  (4941,2165)  (4969,2357)
Sarai  (6668,137)  (6604,200)  (6604,136)  (6731,201)  (6668,73)  (6732,73)  (6732,137)  (6602,72)  (6667,264)  (6603,264)  (6540,200)  (6540,136)  (6747,265)  (6539,265)  (6666,9)  (6730,9)  (6794,9)  (6796,73)  (6796,137)  (6538,72)  (6538,8)  (6602,8)  (6858,0)  (6683,328)  (6619,328)  (6476,167)  (6860,64)  (6860,128)  (6474,103)  (6474,39)  (6922,0)  (6924,64)  (6410,147)  (6410,83)  (6410,19)  (6986,0)  (6346,137)  (6346,73)  (6346,9)  (7050,0)  (6282,49)  (7101,64)  (7114,0)  (6218,43)  (6154,31)
Rhodos  (4590, 1755)  (4645, 1660)  (4502, 1630)  (4640, 1750)
Cirta  (1593,2248)  (1529,2311)  (1529,2247)  (1656,2312)  (1593,2184)  (1657,2184)  (1657,2248)  (1527,2183)  (1592,2375)  (1528,2375)  (1465,2311)  (1698,2376)  (1464,2376)  (1721,2146)  (1721,2210)  (1721,2274)
Apollonia  (3807,1144)  (3834,1208)  (3782,1080)  (3780,1016)
SZ 42  (3527,2132)  (3463,2195)  (3463,2131)  (3590,2196)  (3527,2068)  (3591,2068)  (3591,2132)  (3461,2067)  (3511,2259)  (3495,2323)
SZ 41  (3329,2270)  (3265,2333)  (3265,2269)  (3392,2334)  (3329,2206)  (3393,2206)  (3393,2270)  (3263,2205)  (3328,2397)  (3247,2397)  (3394,2398)  (3464,2406)  (3514,2470)  (3450,2470)
SZ 40  (3269,2026)  (3205,2086)  (3205,2022)  (3332,2090)  (3274,1962)  (3333,2026)  (3338,1957)
Cyropolis  (6859,1582)  (6795,1609)  (6795,1545)  (6922,1646)  (6859,1518)  (6923,1539)  (6764,1481)  (6986,1603)  (6986,1667)  (6828,1454)  (6892,1454)  (6761,1417)  (7050,1606)  (7050,1670)  (6825,1390)  (6754,1353)  (7114,1638)  (7114,1702)  (6818,1326)  (6735,1289)
Zama  (1977,2114)  (1913,2177)  (1913,2113)  (2040,2178)  (1977,2050)  (2041,2050)  (2041,2114)  (1911,2049)  (1976,2241)  (2104,2178)  (1975,1986)  (2039,1986)  (2103,1986)  (2105,2050)  (2105,2114)  (2167,1934)  (2168,2180)  (2004,1922)  (2169,1998)  (2169,2062)
SZ 46  (3629,1176)  (3565,1207)  (3565,1143)  (3692,1240)  (3629,1112)  (3693,1112)  (3693,1176)  (3546,1079)  (3610,1048)  (3674,1048)
SZ 45  (3739,1406)  (3675,1369)  (3740,1470)  (3739,1342)  (3804,1426)
Paraetonium  (4263,2570)  (4199,2633)  (4199,2569)  (4326,2634)  (4263,2506)  (4327,2506)  (4327,2570)  (4197,2505)  (4262,2697)  (4198,2697)  (4378,2698)  (4261,2442)  (4325,2442)  (4180,2441)
SZ 44  (3571,1606)  (3622,1670)  (3558,1670)  (3514,1542)  (3578,1542)  (3494,1692)  (3620,1734)  (3462,1478)  (3526,1478)
Nicaea  (4829,1090)  (4765,1105)  (4765,1041)  (4845,1154)  (4829,1026)  (4893,1026)  (4893,1090)  (4957,1071)
SZ 43  (3519,1894)  (3582,1958)  (3518,1958)  (3458,1830)  (3522,1830)  (3583,1894)  (3586,1827)  (3650,1798)
SZ 49  (2991,644)  (2927,685)  (3054,708)  (2930,580)  (3100,644)  (3118,708)  (2906,516)
Alesia  (1769,40)  (1705,103)  (1705,39)  (1810,104)  (1833,0)  (1874,64)  (1641,112)  (1641,48)  (1897,0)  (1938,64)  (1961,0)
SZ 48  (3129,890)  (3065,851)  (3192,954)  (3129,826)  (3193,833)  (3230,1018)
Hippo Regius  (1989,1790)  (1925,1853)  (1925,1789)  (2052,1854)  (1989,1726)  (2053,1726)  (2053,1790)  (1923,1725)  (1861,1900)  (1861,1836)  (2116,1854)  (2117,1698)  (2117,1762)  (1859,1772)  (1859,1708)  (2180,1826)  (2181,1676)  (2181,1740)
SZ 47  (3401,1040)  (3337,1075)  (3337,1011)  (3464,1104)  (3401,976)  (3465,1009)  (3307,947)  (3400,1139)  (3482,1168)  (3371,912)
Gazaca  (6475,1434)  (6411,1457)  (6411,1393)  (6538,1498)  (6475,1370)  (6539,1370)  (6539,1434)  (6474,1521)  (6369,1329)  (6602,1498)  (6433,1306)  (6497,1306)  (6561,1306)  (6603,1370)  (6603,1434)  (6305,1307)  (6369,1265)  (6283,1243)  (6667,1365)  (6667,1429)  (6249,1179)  (6220,1115)  (6188,1051)
Halicarnassus  (4817,1542)  (4753,1586)  (4753,1522)  (4844,1606)  (4856,1478)  (4920,1454)  (4689,1584)  (4984,1438)  (4984,1502)
Leptis Magna  (3243,2564)  (3179,2627)  (3306,2628)  (3222,2500)  (3286,2500)  (3307,2564)  (3242,2691)  (3178,2691)  (3346,2692)  (3371,2528)
Olisipo  (167,1022)  (103,1074)  (230,1086)  (182,958)  (231,1022)  (246,943)  (152,1138)
Sidon  (5511,1966)  (5492,2030)  (5460,1902)  (5524,1902)  (5460,1838)
Dodona  (3923,1306)  (3859,1350)  (3924,1242)  (3987,1306)  (3988,1241)
Syracuse  (3105,1902)  (3041,1898)  (3105,1838)  (3169,1840)  (3169,1904)  (3036,1834)
Artaxata  (6243,880)  (6179,911)  (6179,847)  (6306,944)  (6243,816)  (6307,816)  (6307,880)  (6145,783)  (6115,882)  (6370,944)  (6364,1008)  (6300,1008)  (6371,794)  (6371,858)  (6081,818)  (6040,754)
Ariminum  (2845,823)  (2879,887)  (2781,776)  (2909,791)  (2845,759)  (2943,855)  (2717,746)
Emesa  (5809,1794)  (5745,1789)  (5872,1858)  (5808,1858)  (5809,1730)  (5873,1730)  (5873,1794)  (5870,1922)  (5790,1666)  (5854,1666)
Nemausus  (2023,482)  (1959,545)  (1959,481)  (2086,546)  (2023,418)  (2087,432)  (1957,417)  (1983,609)  (2150,496)
Valentia  (1093,1326)  (1029,1350)  (1029,1286)  (1156,1390)  (1093,1262)  (1157,1281)  (1196,1454)  (1132,1454)
Teredon  (6641,2672)  (6577,2734)  (6620,2608)  (6705,2718)
Patavium  (2801,492)  (2737,531)  (2828,556)  (2834,428)  (2898,395)  (2764,595)  (2836,620)  (2846,331)  (2910,331)  (2962,395)  (3056,544)
Emerita Augusta  (297,1228)  (233,1290)  (233,1226)  (340,1292)  (361,1221)  (169,1288)  (169,1224)
Paliurus  (3989,2404)  (3925,2467)  (3925,2403)  (4052,2468)  (4053,2354)  (3939,2339)  (3861,2504)  (3861,2440)
Pharan  (5119,2560)  (5055,2519)  (5182,2624)  (5118,2624)  (5119,2496)  (5183,2496)  (5183,2560)  (5013,2455)  (5160,2688)  (5077,2432)  (5141,2432)
Attalia  (5191,1434)  (5127,1497)  (5127,1433)  (5214,1498)  (5191,1370)  (5255,1370)  (5255,1434)  (5125,1369)  (5228,1306)  (5292,1306)  (5319,1393)
Azara  (5516,0)  (5452,38)  (5580,0)  (5388,76)  (5388,12)  (5644,0)  (5324,50)  (5708,0)  (5718,64)  (5772,0)  (5782,64)
Tingis  (527,1980)  (463,2043)  (463,1979)  (590,2044)  (591,1936)  (461,1915)  (399,2066)  (399,2002)  (654,2000)  (397,1938)  (451,1851)  (718,1958)
Nicopolis  (4167,798)  (4103,840)  (4103,776)  (4167,734)  (4231,734)  (4231,798)  (4080,712)  (4016,696)
Cesaraugusta  (1213,892)  (1240,956)  (1176,956)  (1152,828)  (1216,828)  (1277,892)  (1280,825)  (1112,1004)  (1164,764)  (1344,830)
Olbia  (4739,94)  (4675,147)  (4675,83)  (4739,30)  (4663,19)  (4599,25)
SZ 10  (27,980)  (91,918)  (12,1198)  (34,1262)
Melita  (2782, 1956)  (2794, 2008)  (2842, 1990)
SZ 11  (107,1566)  (43,1629)  (43,1565)  (170,1630)  (171,1534)  (41,1501)  (234,1598)
SZ 12  (145,1880)  (81,1943)  (81,1879)  (208,1944)  (145,1816)  (209,1816)  (209,1880)  (79,1815)  (144,2007)  (80,2007)  (17,1943)  (17,1879)  (272,1944)  (272,2008)  (208,2008)  (16,2008)  (143,1752)  (207,1752)  (271,1752)  (273,1816)  (273,1880)  (15,1815)  (15,1751)  (79,1751)  (144,2071)  (80,2071)  (256,2072)  (16,2072)  (337,1778)  (337,1842)
SZ 13  (65,2250)  (1,2313)  (1,2249)  (128,2314)  (65,2186)  (129,2186)  (129,2250)  (0,2185)  (64,2377)  (0,2377)  (170,2378)
SZ 14  (669,1806)  (605,1868)  (605,1804)  (732,1870)  (669,1742)  (733,1746)  (541,1788)
SZ 15  (999,1750)  (935,1787)  (1030,1686)  (1063,1750)  (1094,1672)  (871,1851)  (871,1787)
SZ 16  (1271,1632)  (1207,1695)  (1207,1631)  (1334,1696)  (1271,1568)  (1335,1568)  (1335,1632)  (1205,1567)  (1272,1504)  (1336,1504)  (1272,1440)  (1336,1440)
SZ 17  (1427,1250)  (1363,1313)  (1363,1249)  (1427,1186)  (1491,1186)  (1299,1362)  (1299,1298)  (1555,1142)  (1555,1206)
Persepolis  (7051,2448)  (6987,2511)  (6987,2447)  (7114,2512)  (7051,2384)  (7115,2384)  (7115,2448)  (6985,2383)  (7050,2575)  (6923,2528)  (6923,2464)  (7134,2576)  (6921,2400)  (6921,2336)  (7070,2639)  (6859,2480)  (7134,2640)  (6857,2416)  (6857,2352)  (7134,2704)
SZ 08  (115,420)  (51,483)  (51,419)  (178,484)  (115,356)  (179,356)  (179,420)  (49,355)  (243,320)  (243,384)
Pityus  (5649,388)  (5585,370)  (5649,324)  (5713,324)  (5713,388)  (5754,452)  (5521,333)  (5777,310)  (5777,374)  (5818,438)  (5841,302)  (5841,366)  (5882,430)  (5905,334)
SZ 07  (489,308)  (425,350)  (425,286)  (552,372)  (553,260)  (361,352)  (361,288)  (616,324)  (616,388)  (604,452)
Aemona  (3141,378)  (3077,389)  (3077,325)  (3204,442)  (3141,314)  (3205,314)  (3205,378)  (3140,453)  (3268,442)  (3269,341)
Aelana  (5433,2704)  (5369,2734)  (5369,2670)  (5497,2651)  (5497,2715)  (5305,2734)  (5561,2626)  (5561,2690)  (5625,2642)  (5625,2706)
SZ 09  (69,716)  (5,779)  (5,715)  (132,780)  (69,652)  (133,652)  (133,716)  (3,651)  (68,843)  (4,843)  (67,588)  (131,588)  (195,588)  (1,587)
Corduba  (681,1430)  (617,1423)  (681,1366)  (745,1373)  (745,1437)  (616,1359)  (769,1501)  (809,1419)
SZ 01  (85,122)  (21,185)  (21,121)  (148,186)  (85,58)  (149,58)  (149,122)  (19,57)  (84,249)  (20,249)  (212,186)  (212,250)  (148,250)  (213,0)  (213,64)
Namnetes  (1369,66)  (1305,129)  (1305,65)  (1432,130)  (1369,2)  (1433,2)  (1433,66)  (1303,1)  (1363,193)  (1241,69)  (1497,0)  (1497,64)  (1239,5)
SZ 02  (419,94)  (355,157)  (355,93)  (482,158)  (419,30)  (483,30)  (483,94)  (353,29)  (546,158)  (547,0)  (547,64)
SZ 05  (1125,416)  (1061,479)  (1061,415)  (1160,480)  (1125,352)  (1189,352)  (1189,416)  (1059,351)  (1096,543)  (1123,288)  (1187,288)  (1040,287)
SZ 06  (841,412)  (777,475)  (777,411)  (904,476)  (841,348)  (905,348)  (905,412)  (775,347)  (968,476)  (969,320)  (969,384)
SZ 03  (809,86)  (745,149)  (745,85)  (872,150)  (809,22)  (873,22)  (873,86)  (743,21)  (808,213)  (744,213)  (681,149)  (681,85)  (936,150)  (936,214)  (872,214)  (680,214)  (937,0)  (937,64)  (679,21)
SZ 04  (1101,116)  (1164,180)  (1100,180)  (1040,52)  (1104,52)  (1228,184)
Lucus Augusti  (657,776)  (593,804)  (593,740)  (720,840)  (657,712)  (721,673)  (684,609)  (748,598)
Scallabis  (369,1018)  (402,1082)  (338,1082)  (348,954)  (412,954)
Burdigala  (1433,336)  (1369,399)  (1369,335)  (1496,400)  (1433,272)  (1497,272)  (1497,336)  (1305,387)  (1518,208)  (1561,272)  (1582,187)
Augustoritum  (1675,456)  (1611,519)  (1611,455)  (1738,520)  (1739,422)  (1609,391)  (1802,486)  (1802,550)
CarthageBox  (-22,2769)
ParthiaBox  (-9,2769)
BosporusBox  (8,2769)
EgyptBox  (-10,2763)
SeleucidBox  (-3,2763)

NumidiaBox  (-4,2769)
RomanRepublicBox  (-21,2763)
GalliaBox  (9,2763)

MacedoniaBox  (-16,2769)
GreekCityStatesBox  (-16,2763)
